1 (870, 0.91, 7)
2 (1056, 1.00, 5)
3 (786, 0.90, 5)
4 (1116, 0.88, 5)
5 (1050, 1.00, 5)
6 (76, 0.89, 6)
7 (968, 1.00, 7)
8 (1524, 0.83, 6)
9 (113, 1.00, 5)
10 (493, 1.00, 8)
11 (534, 1.00, 6)
12 (113, 0.88, 6)
13 (113, 1.00, 6)
14 (1198, 0.88, 6)
15 (896, 0.84, 5)
16 (886, 0.92, 6)
17 (904, 0.94, 5)
18 (367, 0.93, 5)
19 (331, 0.94, 6)
20 (1288, 0.98, 5)
21 (829, 1.00, 6)
22 (534, 0.94, 5)
23 (1169, 1.00, 6)
24 (1094, 0.91, 5)
25 (1314, 0.88, 6)
26 (1141, 1.00, 5)
27 (707, 1.00, 5)
28 (1084, 0.84, 9)
29 (767, 0.87, 5)
30 (964, 1.00, 5)
31 (1056, 0.95, 5)
32 (698, 1.00, 6)
33 (1181, 0.93, 7)
34 (155, 0.93, 5)
35 (112, 0.96, 5)
36 (585, 0.92, 5)
37 (665, 0.79, 6)
38 (882, 0.93, 5)
39 (1522, 0.92, 5)
40 (1052, 0.92, 7)
41 (131, 0.95, 6)
42 (1111, 0.91, 5)
43 (1446, 1.00, 5)
44 (730, 1.00, 5)
45 (889, 1.00, 5)
46 (798, 0.91, 5)
47 (1183, 0.85, 5)
48 (1244, 0.89, 6)
49 (948, 0.85, 5)
50 (172, 0.83, 345)
51 (500, 0.91, 9)
52 (331, 0.89, 6)
53 (846, 0.93, 7)
54 (459, 1.00, 5)
55 (1268, 0.79, 7)
56 (1143, 0.97, 9)
57 (1268, 0.92, 5)
58 (18, 0.91, 5)
59 (698, 0.87, 5)
60 (1111, 0.91, 5)
61 (1109, 0.86, 5)
62 (1004, 1.00, 7)
63 (1013, 0.97, 6)
64 (915, 0.86, 7)
65 (334, 0.92, 7)
66 (954, 0.88, 6)
67 (878, 0.90, 5)
68 (1072, 0.96, 5)
69 (534, 0.69, 5)
70 (1085, 0.93, 6)
71 (1459, 0.81, 5)
72 (1199, 1.00, 5)
73 (950, 0.93, 5)
74 (219, 0.88, 5)
75 (168, 0.84, 5)
76 (306, 1.00, 6)
77 (667, 0.86, 5)
78 (35, 0.93, 11)
79 (1269, 0.75, 7)
80 (638, 1.00, 5)
81 (968, 0.89, 5)
82 (1214, 0.76, 5)
83 (776, 1.00, 6)
84 (540, 0.97, 5)
85 (800, 0.98, 9)
86 (773, 0.93, 5)
87 (1172, 1.00, 5)
88 (681, 0.88, 5)
89 (1449, 0.85, 7)
90 (1263, 0.94, 6)
91 (460, 0.88, 6)
92 (639, 0.86, 11)
93 (1149, 0.91, 8)
94 (894, 0.85, 5)
95 (1105, 0.86, 5)
96 (1143, 0.91, 6)
97 (1024, 0.83, 5)
98 (1449, 0.95, 6)
99 (1218, 0.71, 12)
100 (1449, 0.91, 7)
101 (979, 0.95, 6)
102 (407, 1.00, 5)
103 (410, 0.95, 6)
104 (225, 0.61, 5)
105 (560, 0.94, 6)
106 (940, 0.94, 5)
107 (921, 0.90, 5)
108 (699, 1.00, 5)
109 (1015, 0.86, 5)
110 (450, 1.00, 6)
111 (733, 0.91, 6)
112 (35, 0.96, 5)
113 (9, 1.00, 5)
114 (945, 0.94, 8)
115 (32, 0.91, 6)
116 (1266, 0.90, 5)
117 (1246, 0.78, 5)
118 (1209, 0.81, 10)
119
120 (1239, 0.93, 6)
121 (267, 0.87, 6)
122 (1254, 0.98, 5)
123 (645, 0.93, 5)
124 (251, 0.89, 25)
125 (1620, 0.88, 6)
126 (354, 0.85, 8)
127 (187, 0.77, 188)
128 (813, 1.00, 5)
129 (1111, 1.00, 5)
130 (1170, 0.91, 5)
131 (41, 0.95, 6)
132 (1084, 0.83, 10)
133 (1218, 1.00, 7)
134 (853, 0.91, 5)
135 (915, 0.89, 7)
136 (936, 0.89, 5)
137 (1291, 0.84, 5)
138 (245, 0.97, 5)
139 (1444, 0.90, 10)
140 (363, 0.83, 5)
141 (112, 0.87, 6)
142 (572, 1.00, 5)
143 (1218, 0.91, 11)
144 (1137, 0.80, 8)
145 (350, 0.96, 5)
146 (273, 0.84, 6)
147 (1446, 0.86, 5)
148 (590, 0.96, 5)
149 (583, 0.92, 5)
150 (1174, 0.95, 5)
151 (320, 0.81, 8)
152 (967, 0.96, 5)
153 (1401, 0.76, 12)
154 (947, 1.00, 5)
155 (34, 0.93, 5)
156 (1159, 0.95, 5)
157 (1181, 0.93, 5)
158 (740, 1.00, 5)
159 (881, 1.00, 5)
160 (1174, 1.00, 5)
161 (1031, 0.88, 7)
162 (812, 0.87, 6)
163 (945, 0.83, 14)
164 (350, 0.89, 6)
165 (723, 1.00, 5)
166 (1193, 0.86, 5)
167 (621, 0.94, 5)
168 (1143, 0.89, 5)
169 (114, 0.93, 44)
170 (1193, 0.92, 8)
171 (253, 0.89, 5)
172 (915, 0.88, 9)
173 (1143, 0.92, 5)
174 (1473, 0.81, 7)
175 (621, 0.87, 6)
176 (1475, 0.86, 5)
177 (915, 0.89, 5)
178 (603, 0.79, 68)
179 (320, 0.86, 14)
180 (915, 0.88, 5)
181 (1269, 0.89, 8)
182 (793, 0.87, 8)
183 (1005, 0.91, 8)
184 (836, 0.97, 5)
185 (1524, 0.90, 5)
186 (267, 0.88, 5)
187 (1218, 0.84, 13)
188 (832, 0.94, 5)
189 (656, 1.00, 7)
190 (1147, 0.95, 9)
191 (718, 0.95, 9)
192 (445, 0.88, 9)
193 (900, 0.87, 9)
194 (915, 0.91, 7)
195 (701, 0.82, 9)
196 (1111, 1.00, 7)
197 (954, 0.75, 8)
198 (1105, 0.92, 5)
199 (964, 0.87, 5)
200 (1169, 0.84, 7)
201 (804, 0.86, 6)
202 (887, 0.81, 15)
203 (1108, 0.89, 5)
204 (915, 0.79, 9)
205 (251, 0.83, 7)
206 (1230, 0.94, 5)
207 (1421, 1.00, 5)
208 (718, 0.86, 6)
209 (1143, 0.92, 7)
210 (701, 0.65, 5)
211 (1439, 0.91, 5)
212 (1100, 1.00, 5)
213 (835, 0.95, 5)
214 (846, 0.86, 5)
215 (279, 0.75, 6)
216 (1198, 0.76, 5)
217 (726, 0.87, 6)
218 (1124, 1.00, 8)
219 (74, 0.88, 5)
220 (1190, 0.90, 5)
221 (1421, 0.97, 5)
222 (1190, 1.00, 6)
223 (963, 0.98, 23)
224 (467, 0.93, 5)
225 (1478, 0.98, 5)
226 (362, 0.82, 5)
227 (999, 1.00, 5)
228 (1268, 0.80, 6)
229 (1439, 0.92, 5)
230 (1311, 0.83, 7)
231 (803, 0.89, 8)
232 (1063, 0.85, 5)
233 (149, 0.90, 5)
234 (534, 0.90, 5)
235 (1252, 1.00, 5)
236 (640, 0.89, 9)
237 (848, 0.77, 6)
238 (113, 0.78, 6)
239 (1227, 0.79, 7)
240 (749, 0.95, 6)
241 (880, 0.86, 6)
242 (1070, 0.94, 6)
243 (453, 0.94, 6)
244 (875, 0.90, 5)
245 (1185, 0.99, 5)
246 (430, 0.94, 8)
247 (252, 0.77, 5)
248 (1262, 0.76, 5)
249 (267, 0.92, 5)
250 (882, 0.87, 5)
251 (1286, 0.94, 8)
252 (821, 0.92, 9)
253 (1115, 0.94, 5)
254 (1273, 1.00, 5)
255 (1171, 0.83, 6)
256 (324, 1.00, 5)
257 (459, 0.88, 8)
258 (1278, 0.82, 11)
259 (1059, 0.91, 7)
260 (567, 0.96, 13)
261 (457, 0.99, 13)
262 (691, 0.87, 6)
263 (988, 0.89, 9)
264 (112, 0.94, 5)
265 (936, 0.87, 8)
266 (1295, 1.00, 5)
267 (249, 0.92, 5)
268 (246, 0.94, 112)
269 (947, 0.86, 7)
270 (1159, 0.89, 5)
271 (704, 0.93, 5)
272 (653, 0.83, 9)
273 (146, 0.84, 6)
274 (1278, 0.88, 9)
275 (835, 0.89, 7)
276 (1193, 0.88, 5)
277 (943, 0.82, 5)
278 (572, 0.92, 5)
279 (789, 1.00, 5)
280 (375, 0.81, 5)
281 (1446, 0.94, 5)
282 (1167, 0.85, 5)
283 (1099, 0.90, 6)
284 (968, 0.90, 6)
285 (1169, 0.88, 5)
286 (812, 0.89, 8)
287 (672, 0.93, 6)
288 (914, 0.83, 6)
289 (958, 0.93, 5)
290 (1248, 1.00, 5)
291 (1084, 0.90, 6)
292 (279, 0.89, 13)
293 (1240, 0.82, 5)
294 (314, 0.92, 5)
295 (1157, 0.82, 7)
296 (288, 0.66, 5)
297 (447, 1.00, 5)
298 (853, 1.00, 7)
299 (1295, 0.92, 5)
300 (1167, 0.88, 5)
301 (441, 0.93, 5)
302 (867, 0.92, 5)
303 (297, 0.83, 44)
304 (500, 0.89, 24)
305 (714, 0.92, 5)
306 (76, 1.00, 6)
307 (169, 0.78, 10)
308 (1394, 0.93, 6)
309 (294, 0.90, 22)
310 (503, 0.92, 5)
311 (353, 0.82, 6)
312 (1038, 0.90, 5)
313 (1294, 0.90, 5)
314 (294, 0.92, 5)
315 (601, 0.84, 7)
316 (656, 0.94, 7)
317 (445, 0.91, 7)
318 (64, 0.71, 193)
319 (695, 0.90, 5)
320 (179, 0.86, 14)
321 (1057, 0.96, 5)
322 (1297, 0.98, 6)
323 (1182, 0.94, 5)
324 (256, 1.00, 5)
325 (1214, 0.96, 5)
326 (671, 0.87, 7)
327 (1152, 0.87, 5)
328 (1249, 0.80, 5)
329 (348, 0.97, 19)
330 (21, 0.87, 5)
331 (19, 0.94, 6)
332 (1277, 0.98, 6)
333 (1279, 0.83, 6)
334 (65, 0.92, 7)
335 (235, 0.94, 5)
336 (876, 0.96, 7)
337 (919, 0.84, 5)
338 (1059, 0.96, 5)
339 (458, 0.86, 5)
340 (854, 0.84, 5)
341 (678, 0.87, 5)
342 (72, 0.90, 5)
343 (1277, 0.85, 5)
344 (904, 0.95, 5)
345 (915, 0.87, 5)
346 (1149, 0.93, 5)
347 (1056, 0.92, 5)
348 (329, 0.97, 19)
349 (539, 1.00, 7)
350 (145, 0.96, 5)
351 (877, 0.86, 6)
352 (688, 0.97, 5)
353 (902, 0.91, 5)
354 (808, 0.90, 5)
355 (590, 0.95, 5)
356 (876, 1.00, 5)
357 (718, 0.94, 6)
358 (623, 0.95, 5)
359 (680, 0.92, 5)
360 (359, 0.88, 6)
361 (324, 0.83, 5)
362 (412, 0.96, 5)
363 (734, 0.93, 5)
364 (1471, 0.94, 5)
365 (370, 1.00, 5)
366 (494, 0.81, 6)
367 (1277, 1.00, 5)
368 (1165, 0.97, 5)
369 (1407, 0.94, 5)
370 (365, 1.00, 5)
371 (782, 1.00, 7)
372 (789, 1.00, 7)
373 (759, 0.95, 6)
374 (473, 0.87, 5)
375 (1089, 0.94, 5)
376 (801, 0.97, 5)
377 (1179, 0.94, 5)
378 (1218, 0.90, 6)
379 (1229, 0.93, 6)
380 (1314, 0.87, 6)
381 (1111, 1.00, 6)
382 (1084, 0.98, 5)
383 (1478, 0.92, 5)
384 (1419, 0.91, 5)
385 (903, 1.00, 5)
386 (950, 0.92, 5)
387 (41, 0.91, 7)
388 (456, 0.94, 6)
389 (809, 1.00, 5)
390 (31, 0.85, 6)
391 (1337, 1.00, 5)
392 (1055, 0.94, 5)
393 (1124, 0.73, 6)
394 (1217, 0.88, 5)
395 (397, 0.95, 7)
396 (422, 0.95, 6)
397 (395, 0.95, 7)
398 (759, 0.94, 6)
399 (1058, 0.87, 8)
400 (1029, 0.94, 5)
401 (587, 1.00, 5)
402 (1262, 0.85, 5)
403 (130, 0.85, 8)
404 (1218, 0.93, 7)
405 (1471, 0.82, 7)
406 (774, 0.97, 7)
407 (102, 1.00, 5)
408 (114, 0.94, 35)
409 (1109, 1.00, 5)
410 (103, 0.95, 6)
411 (782, 0.92, 5)
412 (362, 0.96, 5)
413 (1034, 0.89, 9)
414 (997, 0.88, 7)
415 (260, 0.96, 5)
416 (512, 0.82, 5)
417 (1444, 0.95, 10)
418 (1120, 0.95, 5)
419 (1473, 0.92, 8)
420 (1218, 1.00, 6)
421 (1056, 1.00, 5)
422 (709, 1.00, 5)
423 (1451, 0.74, 9)
424 (457, 1.00, 6)
425 (107, 0.87, 8)
426 (322, 0.95, 5)
427 (1449, 0.87, 7)
428 (621, 0.94, 6)
429 (848, 0.84, 6)
430 (896, 0.97, 8)
431 (905, 0.89, 5)
432 (954, 0.87, 5)
433 (256, 0.83, 5)
434 (701, 0.85, 5)
435 (1245, 0.83, 5)
436 (962, 0.86, 5)
437 (439, 1.00, 5)
438 (437, 0.98, 5)
439 (437, 1.00, 5)
440 (437, 0.98, 5)
441 (1480, 0.96, 5)
442
443 (617, 0.81, 8)
444 (696, 0.85, 5)
445 (356, 0.93, 5)
446 (551, 0.98, 5)
447 (297, 1.00, 5)
448 (1063, 0.93, 7)
449 (556, 1.00, 5)
450 (110, 1.00, 6)
451 (460, 0.97, 5)
452 (1244, 0.86, 7)
453 (368, 0.96, 6)
454 (467, 0.91, 5)
455 (1061, 0.82, 5)
456 (758, 0.96, 5)
457 (424, 1.00, 6)
458 (1113, 0.99, 5)
459 (54, 1.00, 5)
460 (451, 0.97, 5)
461 (900, 0.89, 7)
462 (867, 0.92, 5)
463 (811, 0.92, 5)
464 (641, 0.90, 5)
465 (557, 0.90, 5)
466 (726, 0.93, 5)
467 (608, 1.00, 5)
468 (502, 0.79, 7)
469 (1178, 0.92, 5)
470 (1006, 0.87, 6)
471 (1167, 1.00, 5)
472 (1258, 0.91, 8)
473 (1218, 1.00, 5)
474 (1143, 0.93, 5)
475 (18, 0.89, 5)
476 (539, 0.85, 8)
477 (968, 1.00, 5)
478 (533, 0.90, 5)
479 (1449, 0.85, 6)
480 (1524, 0.93, 5)
481 (863, 0.75, 8)
482 (1022, 0.85, 7)
483 (793, 0.91, 6)
484 (513, 0.80, 35)
485 (667, 0.94, 5)
486 (1147, 0.94, 5)
487 (835, 0.95, 5)
488 (1449, 0.87, 5)
489 (1142, 0.90, 5)
490 (644, 0.74, 7)
491 (1012, 0.84, 11)
492 (292, 0.78, 7)
493 (10, 1.00, 8)
494 (537, 0.87, 8)
495 (966, 1.00, 6)
496 (733, 0.77, 6)
497 (624, 1.00, 5)
498 (1166, 0.85, 6)
499 (1007, 0.92, 5)
500 (614, 1.00, 5)
501 (915, 0.83, 5)
502 (646, 0.87, 8)
503 (310, 0.92, 5)
504 (1397, 0.94, 5)
505 (753, 0.83, 5)
506 (733, 0.89, 5)
507 (1060, 0.88, 5)
508 (1111, 0.78, 5)
509 (793, 0.91, 5)
510 (593, 0.85, 5)
511 (1449, 0.88, 5)
512 (1143, 0.93, 5)
513 (251, 0.86, 6)
514 (915, 0.89, 5)
515 (1208, 0.89, 6)
516 (730, 0.89, 7)
517 (977, 0.94, 5)
518 (372, 0.83, 8)
519 (1147, 1.00, 6)
520 (1017, 1.00, 5)
521 (1086, 1.00, 6)
522 (1129, 0.91, 6)
523 (18, 0.89, 5)
524 (1194, 1.00, 5)
525 (848, 0.87, 7)
526 (701, 0.81, 5)
527 (915, 0.86, 5)
528 (320, 0.83, 5)
529 (1203, 0.93, 10)
530 (634, 0.88, 6)
531 (1068, 0.79, 5)
532 (1226, 0.89, 6)
533 (478, 0.90, 5)
534 (11, 1.00, 6)
535 (336, 0.89, 5)
536 (387, 0.89, 5)
537 (611, 0.94, 6)
538 (349, 0.89, 7)
539 (349, 1.00, 7)
540 (84, 0.97, 5)
541 (1221, 1.00, 5)
542 (1090, 0.92, 7)
543 (715, 0.94, 6)
544 (887, 0.92, 5)
545 (769, 0.94, 6)
546 (1489, 0.93, 5)
547 (990, 0.96, 5)
548 (584, 0.93, 5)
549 (1400, 1.00, 5)
550 (1056, 1.00, 5)
551 (446, 0.98, 5)
552 (712, 0.91, 5)
553 (1206, 1.00, 6)
554 (669, 0.95, 5)
555 (382, 0.95, 5)
556 (449, 1.00, 5)
557 (537, 0.92, 5)
558 (1231, 0.88, 7)
559 (933, 0.93, 5)
560 (105, 0.94, 6)
561 (807, 1.00, 6)
562 (1437, 0.94, 5)
563 (541, 0.93, 7)
564 (142, 0.98, 5)
565 (795, 0.97, 5)
566 (811, 0.87, 5)
567 (260, 0.96, 13)
568 (1473, 0.76, 7)
569 (726, 1.00, 5)
570 (1021, 1.00, 5)
571 (1054, 0.96, 5)
572 (142, 1.00, 5)
573 (108, 0.91, 5)
574 (716, 0.89, 6)
575 (1045, 0.96, 5)
576 (1247, 0.94, 5)
577 (138, 0.92, 5)
578 (1249, 1.00, 8)
579 (1042, 1.00, 5)
580 (32, 0.90, 5)
581 (535, 0.86, 5)
582 (906, 1.00, 5)
583 (149, 0.92, 5)
584 (548, 0.93, 5)
585 (1229, 0.94, 5)
586 (376, 0.92, 5)
587 (401, 1.00, 5)
588 (1105, 1.00, 5)
589 (694, 0.85, 6)
590 (758, 0.98, 6)
591 (947, 1.00, 5)
592 (92, 0.85, 5)
593 (1011, 1.00, 6)
594 (172, 0.42, 5)
595 (783, 0.97, 6)
596 (453, 0.79, 5)
597 (453, 0.86, 9)
598
599
600
601 (223, 0.95, 9)
602 (733, 0.94, 5)
603 (1449, 0.87, 5)
604 (1070, 0.91, 6)
605 (1298, 1.00, 5)
606 (114, 0.83, 8)
607 (1131, 0.82, 5)
608 (467, 1.00, 5)
609 (727, 0.82, 8)
610 (1411, 0.90, 6)
611 (537, 0.94, 6)
612 (1147, 0.88, 5)
613 (921, 1.00, 6)
614 (500, 1.00, 5)
615 (1194, 0.95, 8)
616 (1226, 1.00, 5)
617 (443, 0.81, 8)
618 (21, 0.91, 5)
619 (674, 0.87, 9)
620 (1107, 1.00, 5)
621 (167, 0.94, 5)
622 (503, 0.88, 7)
623 (1407, 1.00, 6)
624 (497, 1.00, 5)
625 (873, 0.88, 6)
626
627 (873, 1.00, 5)
628 (372, 0.87, 12)
629 (1226, 1.00, 5)
630 (756, 0.89, 7)
631 (1099, 0.81, 5)
632 (824, 0.95, 5)
633 (221, 0.91, 7)
634 (101, 0.89, 5)
635 (780, 0.90, 8)
636 (704, 0.92, 7)
637 (102, 1.00, 5)
638 (80, 1.00, 5)
639 (745, 1.00, 5)
640 (1078, 0.92, 6)
641 (464, 0.90, 5)
642 (887, 1.00, 5)
643
644 (1020, 0.86, 6)
645 (123, 0.93, 5)
646 (502, 0.87, 8)
647 (1007, 0.96, 5)
648 (900, 0.85, 5)
649 (782, 1.00, 5)
650 (446, 0.95, 5)
651 (1131, 0.81, 5)
652 (1203, 0.89, 5)
653 (813, 1.00, 5)
654 (408, 0.83, 31)
655 (718, 0.92, 8)
656 (189, 1.00, 7)
657 (964, 1.00, 5)
658 (236, 0.84, 6)
659 (1218, 0.92, 5)
660 (982, 0.87, 6)
661 (246, 0.90, 7)
662 (1090, 0.87, 5)
663 (1428, 0.95, 5)
664 (960, 0.97, 6)
665 (1030, 0.97, 5)
666 (529, -0.10, 5)
667 (485, 0.94, 5)
668 (561, 0.95, 5)
669 (554, 0.95, 5)
670 (368, 0.89, 5)
671 (1019, 0.93, 5)
672 (287, 0.93, 6)
673 (1218, 0.88, 9)
674 (1230, 0.96, 5)
675 (921, 1.00, 8)
676 (540, 0.94, 5)
677
678 (1082, 0.95, 6)
679 (1540, 0.94, 5)
680 (266, 0.98, 28)
681 (878, 0.96, 8)
682 (834, 0.93, 7)
683 (688, 0.96, 13)
684 (279, 0.85, 8)
685 (917, 0.85, 5)
686 (500, 0.96, 7)
687 (1088, 0.98, 5)
688 (352, 0.97, 5)
689 (495, 0.92, 5)
690 (409, 0.87, 5)
691 (900, 0.94, 6)
692 (1102, 0.99, 5)
693 (1428, 1.00, 5)
694 (478, 0.88, 12)
695 (319, 0.90, 5)
696 (1248, 0.94, 8)
697 (477, 0.91, 8)
698 (32, 1.00, 6)
699 (108, 1.00, 5)
700 (159, 0.91, 8)
701 (434, 0.85, 5)
702 (886, 0.89, 7)
703 (229, 0.81, 6)
704 (271, 0.93, 5)
705 (1147, 0.89, 8)
706 (760, 0.92, 5)
707 (27, 1.00, 5)
708 (898, 1.00, 5)
709 (422, 1.00, 5)
710 (331, 0.91, 5)
711
712 (741, 1.00, 5)
713 (1067, 0.83, 7)
714 (305, 0.92, 5)
715 (543, 0.94, 6)
716 (1297, 0.96, 7)
717 (801, 1.00, 5)
718 (191, 0.95, 9)
719 (1419, 0.93, 6)
720 (1052, 0.95, 7)
721 (786, 0.90, 6)
722 (759, 0.94, 6)
723 (165, 1.00, 5)
724 (1167, 0.88, 6)
725 (759, 0.93, 5)
726 (569, 1.00, 5)
727 (1136, 0.86, 5)
728 (1092, 0.96, 5)
729 (1124, 0.97, 6)
730 (44, 1.00, 5)
731 (1092, 1.00, 5)
732 (915, 0.93, 6)
733 (806, 1.00, 6)
734 (1054, 0.96, 5)
735 (1335, 0.85, 5)
736 (445, 0.93, 6)
737 (886, 0.94, 5)
738 (940, 0.89, 6)
739 (1262, 0.90, 5)
740 (158, 1.00, 5)
741 (256, 1.00, 5)
742 (1297, 0.95, 5)
743 (1215, 0.95, 10)
744 (775, 1.00, 5)
745 (639, 1.00, 5)
746 (1111, 1.00, 5)
747 (1148, 1.00, 6)
748 (1082, 0.85, 5)
749 (240, 0.95, 6)
750 (1067, 0.89, 5)
751 (843, 0.90, 8)
752 (696, 0.85, 5)
753 (639, 0.91, 7)
754 (1009, 0.90, 5)
755 (1518, 0.89, 7)
756 (1140, 0.92, 6)
757
758 (590, 0.98, 6)
759 (1407, 1.00, 5)
760 (424, 0.97, 6)
761 (676, 0.88, 5)
762 (937, 0.91, 5)
763 (773, 0.82, 5)
764 (765, 0.98, 5)
765 (764, 0.98, 5)
766 (279, 0.94, 5)
767 (760, 0.97, 5)
768 (1140, 0.92, 8)
769 (986, 1.00, 5)
770 (837, 0.88, 7)
771 (1181, 0.96, 5)
772 (1113, 1.00, 5)
773 (86, 0.93, 5)
774 (406, 0.97, 7)
775 (744, 1.00, 5)
776 (83, 1.00, 6)
777
778 (1208, 0.85, 6)
779 (1407, 0.96, 10)
780 (1001, 0.97, 6)
781 (1052, 0.88, 6)
782 (371, 1.00, 7)
783 (595, 0.97, 6)
784
785 (786, 1.00, 5)
786 (785, 1.00, 5)
787 (281, 0.91, 5)
788
789 (279, 1.00, 5)
790 (1030, 0.98, 6)
791 (449, 0.89, 6)
792 (1218, 0.96, 5)
793 (449, 0.94, 5)
794 (847, 0.87, 5)
795 (565, 0.97, 5)
796 (1209, 0.90, 5)
797 (1231, 0.91, 5)
798 (1139, 0.93, 5)
799 (194, 0.55, 5)
800 (85, 0.98, 9)
801 (717, 1.00, 5)
802 (812, 1.00, 5)
803 (231, 0.89, 8)
804 (382, 0.91, 5)
805 (811, 0.94, 7)
806 (372, 1.00, 5)
807 (561, 1.00, 6)
808 (369, 0.92, 5)
809 (389, 1.00, 5)
810 (1179, 0.94, 5)
811 (805, 0.94, 7)
812 (802, 1.00, 5)
813 (128, 1.00, 5)
814
815 (1157, 0.87, 6)
816 (1035, 0.95, 5)
817
818 (720, 0.89, 5)
819 (979, 0.96, 5)
820 (279, 0.94, 5)
821 (1133, 0.94, 5)
822
823 (1053, 0.91, 5)
824 (632, 0.95, 5)
825 (688, 0.97, 5)
826 (1303, 0.94, 6)
827 (1283, 0.88, 5)
828 (471, 0.92, 8)
829 (21, 1.00, 6)
830
831 (1416, 1.00, 5)
832 (188, 0.94, 5)
833 (842, 0.88, 5)
834 (819, 0.94, 5)
835 (487, 0.95, 5)
836 (184, 0.97, 5)
837 (770, 0.88, 7)
838
839
840 (801, 0.96, 5)
841 (561, 0.95, 6)
842 (1126, 1.00, 6)
843 (751, 0.90, 8)
844 (1015, 0.94, 5)
845 (1421, 0.88, 5)
846 (53, 0.93, 7)
847 (534, 1.00, 6)
848 (462, 0.88, 5)
849 (556, 1.00, 5)
850
851
852
853 (298, 1.00, 7)
854 (853, 0.98, 8)
855 (1232, 0.87, 5)
856 (1021, 0.92, 6)
857
858
859 (738, 0.86, 5)
860 (773, 0.91, 5)
861
862 (1231, 0.95, 5)
863 (473, 0.92, 6)
864 (1054, 1.00, 5)
865 (602, 0.93, 5)
866 (966, 0.87, 6)
867 (462, 0.92, 5)
868 (100, 0.87, 5)
869 (1407, 0.89, 5)
870 (1, 0.91, 7)
871 (759, 0.97, 5)
872 (2, 0.91, 6)
873 (627, 1.00, 5)
874 (736, 0.90, 5)
875 (244, 0.90, 5)
876 (356, 1.00, 5)
877 (1023, 0.98, 5)
878 (681, 0.96, 8)
879 (912, 1.00, 5)
880 (81, 0.88, 5)
881 (159, 1.00, 5)
882 (1395, 1.00, 5)
883 (1038, 1.00, 5)
884 (269, 0.85, 5)
885 (349, 0.96, 6)
886 (938, 1.00, 5)
887 (642, 1.00, 5)
888 (905, 0.87, 6)
889 (45, 1.00, 5)
890 (894, 0.96, 9)
891 (300, 0.48, 5)
892 (771, 0.94, 7)
893 (678, 0.89, 7)
894 (890, 0.96, 9)
895 (950, 0.93, 5)
896 (430, 0.97, 8)
897
898 (708, 1.00, 5)
899 (333, 0.77, 6)
900 (691, 0.94, 6)
901 (687, 0.94, 5)
902 (1101, 0.92, 5)
903 (385, 1.00, 5)
904 (344, 0.95, 5)
905 (431, 0.89, 5)
906 (582, 1.00, 5)
907
908 (336, 0.92, 5)
909 (995, 0.88, 5)
910
911
912 (879, 1.00, 5)
913
914 (7, 0.95, 6)
915 (732, 0.93, 6)
916 (768, 0.88, 5)
917 (472, 0.86, 5)
918 (333, 0.78, 6)
919 (113, 0.88, 5)
920
921 (189, 1.00, 6)
922 (896, 0.89, 6)
923 (611, 0.93, 8)
924 (953, 0.89, 6)
925 (939, 0.94, 9)
926 (985, 0.94, 6)
927 (181, 0.78, 5)
928 (1088, 0.86, 5)
929 (933, 0.96, 5)
930 (984, 0.93, 14)
931 (266, 0.94, 6)
932 (456, 0.90, 10)
933 (477, 0.97, 5)
934 (983, 0.92, 7)
935 (1014, 0.74, 5)
936 (136, 0.89, 5)
937 (762, 0.91, 5)
938 (886, 1.00, 5)
939 (925, 0.94, 9)
940 (106, 0.94, 5)
941 (564, 0.97, 6)
942 (297, 1.00, 5)
943 (1230, 0.92, 5)
944 (977, 1.00, 8)
945 (114, 0.94, 8)
946 (1076, 0.95, 6)
947 (154, 1.00, 5)
948 (809, 0.97, 5)
949 (1273, 0.94, 5)
950 (73, 0.93, 5)
951 (801, 1.00, 5)
952 (985, 0.94, 5)
953 (924, 0.89, 6)
954 (461, 0.88, 5)
955 (641, 0.85, 5)
956 (740, 0.96, 8)
957
958 (289, 0.93, 5)
959 (902, 0.89, 5)
960 (664, 0.97, 6)
961 (616, 0.97, 7)
962 (436, 0.86, 5)
963 (223, 0.98, 23)
964 (30, 1.00, 5)
965 (102, 0.89, 5)
966 (495, 1.00, 6)
967 (152, 0.96, 5)
968 (7, 1.00, 7)
969 (316, 0.93, 10)
970 (638, 0.77, 5)
971 (17, 0.92, 5)
972 (649, 1.00, 8)
973
974 (379, 0.93, 5)
975 (375, 0.93, 5)
976 (760, 0.94, 5)
977 (944, 1.00, 8)
978 (990, 0.95, 5)
979 (1074, 0.97, 5)
980 (778, 0.85, 6)
981 (926, 0.84, 5)
982 (984, 0.89, 8)
983 (934, 0.92, 7)
984 (477, 0.96, 6)
985 (926, 0.94, 6)
986 (769, 1.00, 5)
987
988 (681, 0.95, 9)
989 (681, 0.95, 9)
990 (547, 0.96, 5)
991 (457, 0.96, 6)
992
993 (833, 0.83, 6)
994 (289, 0.57, 5)
995 (1197, 1.00, 5)
996 (44, 0.95, 5)
997 (414, 0.88, 7)
998 (571, 0.96, 5)
999 (227, 1.00, 5)
1000 (571, 0.91, 6)
1001 (780, 0.97, 6)
1002 (456, 0.95, 5)
1003 (878, 0.87, 5)
1004 (62, 1.00, 7)
1005 (183, 0.91, 8)
1006 (1021, 0.90, 6)
1007 (647, 0.96, 5)
1008 (1171, 1.00, 5)
1009 (767, 0.92, 5)
1010 (840, 0.93, 7)
1011 (593, 1.00, 6)
1012 (1277, 0.91, 6)
1013 (63, 0.97, 6)
1014 (1088, 0.95, 5)
1015 (844, 0.94, 5)
1016 (372, 0.85, 5)
1017 (520, 1.00, 5)
1018 (1208, 1.00, 5)
1019 (671, 0.93, 5)
1020 (656, 0.93, 6)
1021 (570, 1.00, 5)
1022 (223, 0.87, 5)
1023 (877, 0.98, 5)
1024 (97, 0.83, 5)
1025 (984, 0.95, 12)
1026
1027
1028 (362, 0.93, 5)
1029 (1178, 0.97, 5)
1030 (790, 0.98, 6)
1031 (225, 0.89, 5)
1032 (1469, 1.00, 5)
1033 (460, 0.94, 5)
1034 (1088, 0.93, 6)
1035 (1207, 0.96, 6)
1036 (1052, 0.92, 5)
1037 (453, 0.92, 6)
1038 (883, 1.00, 5)
1039 (1172, 1.00, 5)
1040 (391, 0.94, 5)
1041 (572, 0.90, 5)
1042 (579, 1.00, 5)
1043 (367, 0.88, 5)
1044 (1160, 0.97, 5)
1045 (1153, 1.00, 5)
1046 (1052, 0.95, 5)
1047 (842, 0.94, 7)
1048 (1166, 0.90, 5)
1049 (801, 0.95, 5)
1050 (5, 1.00, 5)
1051 (1034, 0.86, 7)
1052 (85, 0.97, 5)
1053 (5, 0.92, 8)
1054 (864, 1.00, 5)
1055 (392, 0.94, 5)
1056 (2, 1.00, 5)
1057 (321, 0.96, 5)
1058 (1219, 0.89, 5)
1059 (338, 0.96, 5)
1060 (637, 1.00, 5)
1061 (264, 0.91, 6)
1062 (909, 0.85, 5)
1063 (448, 0.93, 7)
1064
1065 (1019, 0.93, 5)
1066 (65, 0.88, 5)
1067 (750, 0.89, 5)
1068 (45, 1.00, 5)
1069 (441, 0.88, 5)
1070 (242, 0.94, 6)
1071 (106, 0.90, 5)
1072 (68, 0.96, 5)
1073 (614, 0.89, 6)
1074 (979, 0.97, 5)
1075 (111, 0.83, 5)
1076 (145, 0.95, 5)
1077 (475, 0.80, 7)
1078 (640, 0.92, 6)
1079 (1215, 0.95, 6)
1080
1081 (840, 0.75, 5)
1082 (678, 0.95, 6)
1083 (121, 0.71, 5)
1084 (382, 0.98, 5)
1085 (70, 0.93, 6)
1086 (521, 1.00, 6)
1087 (120, 0.86, 5)
1088 (687, 0.98, 5)
1089 (1337, 0.98, 5)
1090 (1239, 1.00, 5)
1091 (407, 0.95, 5)
1092 (731, 1.00, 5)
1093 (1001, 0.87, 5)
1094 (24, 0.91, 5)
1095 (829, 0.91, 5)
1096
1097 (1252, 1.00, 5)
1098 (1045, 0.87, 7)
1099 (165, 1.00, 6)
1100 (212, 1.00, 5)
1101 (902, 0.92, 5)
1102 (692, 0.99, 5)
1103 (537, 0.91, 6)
1104
1105 (588, 1.00, 5)
1106
1107 (32, 1.00, 6)
1108 (203, 0.89, 5)
1109 (409, 1.00, 5)
1110 (1244, 0.99, 5)
1111 (129, 1.00, 5)
1112 (1208, 0.86, 6)
1113 (772, 1.00, 5)
1114 (412, 0.79, 5)
1115 (253, 0.94, 5)
1116 (4, 0.88, 5)
1117 (652, 0.83, 5)
1118 (611, 0.91, 6)
1119 (614, 1.00, 6)
1120 (21, 1.00, 5)
1121 (473, 0.92, 5)
1122
1123
1124 (218, 1.00, 8)
1125
1126 (842, 1.00, 6)
1127 (750, 0.62, 7)
1128 (547, 0.91, 5)
1129 (189, 0.95, 5)
1130
1131 (504, 0.85, 6)
1132 (717, 1.00, 6)
1133 (821, 0.94, 5)
1134 (921, 1.00, 5)
1135 (105, 0.94, 6)
1136 (744, 1.00, 6)
1137 (1007, 0.87, 5)
1138 (181, 0.44, 5)
1139 (138, 0.97, 5)
1140 (1046, 0.94, 5)
1141 (26, 1.00, 5)
1142 (489, 0.90, 5)
1143 (256, 1.00, 5)
1144
1145 (554, 0.92, 6)
1146
1147 (519, 1.00, 6)
1148 (747, 1.00, 6)
1149 (346, 0.93, 5)
1150 (477, 0.86, 5)
1151 (63, 0.87, 5)
1152 (1277, 0.94, 5)
1153 (1045, 1.00, 5)
1154 (235, 0.97, 6)
1155
1156
1157 (540, 0.97, 7)
1158
1159 (156, 0.95, 5)
1160 (1044, 0.97, 5)
1161 (931, 0.93, 5)
1162 (235, 0.84, 5)
1163 (521, 0.89, 5)
1164 (112, 0.74, 5)
1165 (1215, 0.97, 5)
1166 (1048, 0.90, 5)
1167 (471, 1.00, 5)
1168 (674, 0.91, 5)
1169 (23, 1.00, 6)
1170 (951, 0.95, 5)
1171 (1008, 1.00, 5)
1172 (87, 1.00, 5)
1173 (117, 0.64, 5)
1174 (160, 1.00, 5)
1175 (288, -0.44, 5)
1176 (458, 0.93, 5)
1177 (679, 0.74, 5)
1178 (1228, 1.00, 8)
1179 (377, 0.94, 5)
1180 (111, 0.86, 6)
1181 (771, 0.96, 5)
1182 (1230, 0.97, 5)
1183 (642, 0.94, 5)
1184 (679, 0.94, 6)
1185 (245, 0.99, 5)
1186
1187 (32, 0.81, 5)
1188 (1132, 0.87, 5)
1189
1190 (222, 1.00, 6)
1191
1192 (268, 0.84, 7)
1193 (212, 1.00, 7)
1194 (524, 1.00, 5)
1195 (639, 1.00, 6)
1196
1197 (324, 1.00, 5)
1198 (14, 0.88, 6)
1199 (72, 1.00, 5)
1200 (381, 0.92, 5)
1201
1202 (10, 0.75, 5)
1203 (1286, 0.95, 5)
1204 (310, 0.77, 5)
1205 (195, 0.64, 5)
1206 (553, 1.00, 6)
1207 (407, 0.98, 5)
1208 (1018, 1.00, 5)
1209 (871, 0.94, 6)
1210 (1274, 0.96, 5)
1211 (137, 0.78, 5)
1212 (628, 0.87, 5)
1213 (66, 0.74, 5)
1214 (325, 0.96, 5)
1215 (829, 0.98, 5)
1216 (304, 0.37, 5)
1217 (40, 0.91, 6)
1218 (133, 1.00, 7)
1219 (1110, 0.98, 5)
1220 (844, 0.90, 5)
1221 (541, 1.00, 5)
1222 (212, 0.95, 6)
1223
1224 (1110, 0.88, 5)
1225 (585, 0.93, 7)
1226 (616, 1.00, 5)
1227 (90, 0.88, 5)
1228 (1178, 1.00, 8)
1229 (371, 0.96, 5)
1230 (1090, 0.97, 6)
1231 (1178, 0.96, 5)
1232 (158, 0.97, 6)
1233 (286, 0.86, 5)
1234 (271, 0.63, 5)
1235
1236
1237 (895, 0.87, 5)
1238 (340, 0.60, 6)
1239 (1090, 1.00, 5)
1240 (854, 0.97, 5)
1241 (287, 0.70, 5)
1242 (100, -0.80, 5)
1243 (271, 0.72, 5)
1244 (1110, 0.99, 5)
1245 (931, 0.91, 5)
1246 (117, 0.78, 5)
1247 (576, 0.94, 5)
1248 (290, 1.00, 5)
1249 (578, 1.00, 8)
1250 (1035, 0.88, 5)
1251 (50, 0.82, 5)
1252 (235, 1.00, 5)
1253 (540, 0.94, 5)
1254 (122, 0.98, 5)
1255 (14, 0.84, 5)
1256
1257
1258 (1089, 0.95, 5)
1259
1260
1261
1262 (739, 0.90, 5)
1263 (90, 0.94, 6)
1264 (250, 0.79, 5)
1265 (881, 0.88, 9)
1266 (188, 0.91, 5)
1267 (1439, 0.86, 5)
1268 (57, 0.92, 5)
1269 (588, 1.00, 7)
1270 (722, 0.82, 5)
1271 (940, 0.83, 5)
1272 (508, 0.74, 5)
1273 (254, 1.00, 5)
1274 (1210, 0.96, 5)
1275
1276 (876, 0.94, 5)
1277 (367, 1.00, 5)
1278 (274, 0.88, 9)
1279 (333, 0.83, 6)
1280 (683, 0.96, 6)
1281 (255, 0.80, 5)
1282 (56, 0.86, 5)
1283 (831, 0.97, 5)
1284 (549, 0.91, 6)
1285 (356, 1.00, 5)
1286 (1203, 0.95, 5)
1287 (122, 0.86, 5)
1288 (20, 0.98, 5)
1289 (477, 0.84, 5)
1290
1291 (1001, 0.88, 5)
1292
1293
1294 (313, 0.90, 5)
1295 (266, 1.00, 5)
1296 (24, 0.83, 5)
1297 (322, 0.98, 6)
1298 (605, 1.00, 5)
1299 (655, 0.79, 5)
1300 (289, 0.90, 5)
1301 (121, 0.78, 5)
1302 (258, -0.68, 5)
1303 (412, 0.96, 5)
1304
1305 (184, 0.84, 5)
1306
1307
1308
1309
1310
1311 (207, 0.98, 5)
1312 (824, 0.72, 5)
1313 (98, 0.90, 5)
1314 (264, 0.93, 5)
1315 (1023, 0.96, 6)
1316 (288, 0.00, 6)
1317
1318
1319
1320
1321
1322 (235, 0.49, 5)
1323
1324 (546, 0.48, 5)
1325
1326 (475, 0.59, 5)
1327
1328 (475, 0.12, 5)
1329
1330
1331
1332
1333 (100, -0.27, 5)
1334
1335 (735, 0.85, 5)
1336 (120, 0.89, 5)
1337 (391, 1.00, 5)
1338
1339
1340
1341
1342
1343
1344 (286, 0.88, 5)
1345
1346
1347
1348
1349
1350
1351
1352
1353
1354
1355
1356
1357
1358
1359
1360
1361
1362
1363
1364
1365
1366
1367 (100, 0.69, 5)
1368 (93, 0.75, 5)
1369
1370
1371
1372
1373
1374
1375 (1171, 1.00, 5)
1376 (456, 0.90, 5)
1377
1378 (302, -0.30, 5)
1379 (20, 0.82, 5)
1380 (294, 0.40, 5)
1381 (258, 0.49, 5)
1382
1383 (288, 0.42, 5)
1384
1385 (258, 0.52, 5)
1386 (302, 0.14, 5)
1387
1388 (286, 0.59, 5)
1389
1390
1391
1392 (264, 0.63, 5)
1393 (266, 0.96, 5)
1394 (308, 0.93, 6)
1395 (882, 1.00, 5)
1396 (382, 0.09, 5)
1397 (504, 0.94, 5)
1398
1399 (288, 0.11, 5)
1400 (549, 1.00, 5)
1401 (20, 0.86, 5)
1402
1403
1404 (584, 0.91, 5)
1405 (258, 0.64, 5)
1406 (402, 0.55, 5)
1407 (623, 1.00, 6)
1408
1409 (720, 0.81, 5)
1410
1411 (456, 0.94, 5)
1412 (465, 0.46, 5)
1413 (998, 0.87, 5)
1414
1415 (1407, 0.93, 5)
1416 (831, 1.00, 5)
1417
1418
1419 (719, 0.93, 6)
1420
1421 (207, 1.00, 5)
1422
1423
1424
1425 (110, 0.91, 5)
1426 (239, 0.75, 5)
1427 (22, 0.89, 5)
1428 (693, 1.00, 5)
1429
1430
1431
1432
1433
1434 (909, 0.88, 5)
1435 (92, 0.82, 5)
1436
1437 (562, 0.94, 5)
1438 (806, 0.87, 5)
1439 (723, 1.00, 6)
1440 (833, 0.82, 5)
1441 (44, 0.86, 5)
1442 (402, 0.09, 5)
1443
1444 (417, 0.95, 10)
1445
1446 (43, 1.00, 5)
1447
1448
1449 (98, 0.95, 6)
1450
1451 (381, 1.00, 5)
1452
1453
1454 (228, 0.74, 5)
1455
1456 (675, 0.95, 5)
1457
1458
1459 (431, 0.84, 5)
1460
1461
1462 (381, 1.00, 5)
1463
1464
1465
1466 (423, 0.73, 5)
1467
1468 (746, 0.90, 5)
1469 (1032, 1.00, 5)
1470 (168, 0.41, 5)
1471 (449, 0.95, 5)
1472
1473 (419, 0.92, 8)
1474 (203, 0.84, 5)
1475 (176, 0.86, 5)
1476
1477
1478 (225, 0.98, 5)
1479 (761, 0.86, 5)
1480 (441, 0.96, 5)
1481
1482
1483 (286, 0.84, 6)
1484
1485
1486
1487 (71, 0.55, 5)
1488
1489 (546, 0.93, 5)
1490
1491
1492
1493
1494
1495 (151, 0.69, 5)
1496 (926, 0.75, 5)
1497
1498
1499
1500
1501 (116, 0.58, 5)
1502
1503 (996, 0.87, 5)
1504
1505
1506
1507
1508
1509 (432, 0.50, 5)
1510
1511 (286, 0.33, 5)
1512 (70, 0.83, 5)
1513
1514 (475, 0.67, 5)
1515
1516
1517 (795, 0.80, 5)
1518 (755, 0.89, 7)
1519
1520
1521
1522 (39, 0.92, 5)
1523
1524 (1021, 1.00, 5)
1525
1526
1527 (682, 0.73, 5)
1528
1529 (45, 0.80, 5)
1530 (715, 0.70, 5)
1531 (569, 0.75, 5)
1532
1533
1534 (127, -0.62, 6)
1535
1536
1537
1538
1539
1540 (679, 0.94, 5)
1541
1542
1543
1544
1545
1546
1547
1548
1549
1550
1551
1552
1553
1554
1555 (2, 0.82, 5)
1556
1557
1558 (855, 0.30, 5)
1559
1560
1561
1562
1563
1564
1565
1566
1567
1568
1569
1570
1571
1572
1573
1574
1575
1576
1577
1578
1579
1580
1581
1582
1583
1584
1585
1586
1587
1588
1589
1590
1591 (313, -0.33, 6)
1592 (313, -0.45, 5)
1593
1594
1595
1596
1597
1598 (300, 0.43, 5)
1599
1600
1601
1602
1603
1604
1605
1606
1607
1608
1609
1610
1611
1612
1613
1614
1615 (109, 0.78, 5)
1616
1617
1618
1619
1620 (125, 0.88, 6)
1621
1622
1623
1624
1625
1626
1627
1628
1629
1630
1631
1632
1633
1634
1635
1636
1637
1638
1639
1640
1641
1642
1643
1644
1645
1646
1647
1648
1649
1650
1651
1652
1653
1654
1655
1656
1657
1658
1659
1660
1661
1662
1663
1664
1665
1666
1667
1668
1669
1670
1671
1672
1673
1674
1675
1676
1677
1678
1679
1680
1681
1682
